M=0.5;
m=0.2;
b=0.1;
J=0.006;
g=9.81;
l=0.3;
bs=0.2;
F=5;